5 1 0
1 5 0
2 10 0
2 5 0
2 6 6
6 10 9
6 2 11
7 9 14
1 2 31
8 3 31
2 1 36
1 6 44
6 5 44
6 12 44
1 10 46
10 1 49
7 11 49
4 11 50
11 4 50
5 12 56
7 4 56
4 7 56
6 1 61
6 2 71
5 2 73
12 5 81
6 5 85
2 12 88
12 6 90
12 2 98
4 7 101
2 6 104
6 5 110
8 4 112
4 8 112
7 11 131
5 6 141
2 12 151
6 2 170
12 6 173
3 8 190
7 11 201
6 12 204
12 6 217
12 11 218
5 2 219
11 6 223
2 5 229
6 7 230
11 12 233
11 5 243
6 12 245
5 12 248
9 1 250
6 11 250
5 11 260
6 5 263
5 6 263
7 12 272
5 2 274
1 9 283
2 5 286
7 1 294
1 7 295
11 2 302
11 5 303
5 2 308
11 6 311
6 11 318
2 6 326
2 5 329
2 11 330
6 7 331
7 5 335
7 6 339
11 7 342
7 11 342
7 2 348
2 7 349
6 2 360
2 11 362
6 7 391
7 6 392
5 2 398
10 4 416
11 7 420
6 11 422
7 2 426
7 6 429
6 7 431
7 11 432
5 11 450
2 7 451
5 6 458
7 5 459
5 7 459
11 7 463
1 9 469
11 6 470
6 5 472
6 11 473
2 6 483
9 1 487
7 11 495
7 6 498
7 5 501
11 5 501
5 7 510
6 5 510
3 8 520
5 11 525
5 6 530
8 10 535
4 2 538
6 12 545
11 6 545
11 7 546
6 11 546
5 11 552
12 5 571
11 6 578
7 6 601
11 5 601
7 5 601
11 12 601
6 7 603
6 12 611
6 5 614
5 12 617
12 11 626
11 10 628
12 5 632
12 6 635
6 11 635
11 9 641
6 10 643
9 10 643
12 5 657
12 10 669
11 9 678
10 9 681
5 10 683
5 9 683
5 6 683
5 12 683
5 11 683
9 10 684
11 6 686
6 9 691
7 12 696
10 9 703
5 9 708
10 6 713
12 5 719
2 7 738
10 11 738
11 9 745
6 9 746
2 5 746
11 6 759
2 12 763
5 11 769
7 5 771
7 2 772
5 6 773
6 11 781
2 5 787
2 7 787
5 2 787
2 10 789
11 6 791
2 6 793
2 11 795
9 6 799
5 2 806
11 10 808
9 10 809
7 5 811
6 9 812
6 10 812
6 12 813
6 11 813
11 7 822
12 5 822
12 2 822
9 2 823
9 5 823
5 7 825
5 12 826
12 9 829
12 10 829
5 11 829
9 11 829
12 11 829
5 9 830
9 7 834
9 12 837
11 12 842
12 2 855
5 10 855
7 11 857
7 12 857
7 9 857
10 6 862
5 6 868
11 5 869
5 2 870
11 2 872
10 2 883
11 12 889
11 7 889
6 11 891
6 2 891
6 9 891
5 12 896
4 1 897
5 10 898
7 10 902
6 10 902
5 6 906
6 5 906
9 10 908
7 5 913
6 2 917
10 11 917
9 5 918
9 12 919
5 7 924
10 5 929
5 10 930
2 10 937
2 5 947
6 11 954
9 10 963
9 5 964
10 12 969
12 2 970
2 9 971
2 12 972
10 9 973
12 9 973
2 7 975
6 9 975
10 7 978
5 9 984
10 6 984
5 10 985
6 10 985
5 12 987
5 7 988
11 2 990
3 5 992
12 6 998
9 7 1000
2 6 1001
3 7 1006
5 3 1008
9 12 1014
3 12 1015
9 3 1017
2 12 1019
5 9 1020
5 10 1024
2 11 1036
2 6 1037
10 12 1045
6 11 1048
10 11 1053
12 10 1053
11 6 1054
11 2 1054
12 11 1055
9 5 1055
9 7 1056
9 10 1056
9 12 1057
7 9 1064
7 5 1064
7 10 1064
8 1 1066
10 6 1070
6 10 1074
7 2 1083
2 11 1088
9 2 1092
2 10 1094
7 3 1095
3 9 1100
5 9 1107
2 12 1114
4 1 1120
2 6 1126
11 6 1132
9 5 1135
2 3 1136
3 11 1137
9 7 1137
10 11 1137
3 6 1137
9 2 1145
12 11 1149
7 5 1149
10 9 1149
10 5 1149
9 10 1149
12 3 1149
10 2 1149
5 10 1160
5 9 1160
10 7 1163
2 10 1170
2 7 1171
12 2 1176
2 11 1189
10 3 1190
10 12 1190
10 11 1195
3 2 1197
3 6 1200
2 6 1210
11 2 1212
10 11 1226
12 6 1231
6 2 1232
10 6 1234
6 11 1243
9 7 1247
9 10 1247
12 2 1251
7 12 1253
7 3 1254
7 6 1255
7 11 1255
7 2 1257
9 5 1258
6 7 1261
12 7 1261
11 7 1261
7 10 1267
10 9 1278
6 11 1282
1 4 1284
4 8 1287
10 5 1289
3 12 1301
5 9 1304
12 2 1305
9 3 1310
6 3 1311
2 11 1334
11 2 1337
8 4 1340
7 8 1347
6 3 1355
5 12 1357
8 1 1358
5 10 1358
5 6 1360
11 4 1367
2 4 1368
5 10 1378
6 4 1379
5 3 1380
5 11 1384
11 2 1386
3 4 1391
11 6 1398
12 4 1400
11 3 1400
9 11 1401
11 12 1401
10 5 1407
5 9 1408
11 4 1411
3 12 1429
4 2 1432
5 11 1437
6 3 1439
11 2 1458
4 6 1467
7 3 1469
4 3 1470
3 11 1472
7 6 1476
11 3 1478
7 11 1483
5 7 1491
9 12 1493
7 3 1497
7 4 1498
7 12 1498
7 2 1499
9 7 1503
12 7 1515
4 7 1518
3 11 1519
3 7 1523
7 11 1523
6 10 1526
9 5 1530
2 3 1533
7 3 1538
7 11 1554
4 7 1554
7 3 1577
3 12 1590
4 7 1597
11 3 1597
7 3 1600
9 11 1608
3 4 1612
9 12 1612
3 2 1612
2 7 1615
2 3 1616
9 7 1619
7 11 1630
7 9 1630
9 12 1658
2 7 1676
12 7 1681
4 7 1682
7 2 1683
7 11 1684
9 11 1686
7 12 1686
7 9 1686
2 4 1687
9 2 1687
9 3 1692
9 7 1692
3 7 1704
4 9 1705
11 7 1726
12 4 1726
10 6 1733
4 7 1737
6 10 1738
9 3 1762
7 4 1784
7 3 1784
12 11 1803
8 9 1816
3 9 1823
7 12 1830
7 11 1830
9 8 1831
11 3 1835
7 3 1864
4 7 1867
7 9 1867
4 9 1870
7 4 1885
11 7 1893
11 3 1913
5 6 1919
6 5 1919
3 8 1923
7 8 1925
7 12 1926
11 7 1934
7 9 1943
4 11 1945
2 11 1949
5 2 1955
4 9 1959
11 3 1960
12 2 1960
8 9 1962
3 7 1967
5 6 1973
6 11 1986
11 6 1986
6 2 1986
2 12 1988
4 6 1989
11 2 1990
6 12 1990
3 4 1992
9 8 1998
4 8 2006
5 11 2007
11 5 2009
3 6 2018
3 8 2019
3 12 2022
4 7 2025
12 3 2025
3 2 2026
8 7 2026
9 12 2026
4 12 2030
4 3 2030
12 6 2041
4 2 2043
2 6 2045
4 6 2046
11 5 2047
12 4 2050
8 7 2051
6 12 2055
6 8 2055
6 4 2055
6 7 2055
9 6 2055
9 4 2055
4 12 2056
6 3 2061
6 2 2064
2 12 2064
2 8 2064
12 9 2066
2 7 2068
3 7 2078
9 3 2078
12 8 2082
6 4 2084
8 3 2087
8 2 2091
12 3 2099
4 2 2099
9 6 2099
6 9 2100
12 7 2101
8 4 2102
2 4 2103
4 12 2107
4 8 2108
4 3 2109
3 8 2115
2 3 2117
4 7 2122
12 6 2127
9 7 2128
12 9 2130
3 7 2132
12 2 2134
2 6 2135
8 6 2138
2 3 2139
9 8 2139
8 2 2141
2 8 2142
2 12 2145
3 4 2146
9 2 2148
7 4 2149
2 9 2149
2 7 2151
6 2 2153
7 6 2155
8 4 2156
8 3 2158
8 7 2160
4 7 2162
8 2 2172
6 7 2175
6 3 2175
6 4 2175
4 7 2182
6 2 2183
6 8 2184
11 9 2185
2 6 2186
11 8 2188
12 6 2191
6 12 2196
2 12 2197
9 12 2201
9 5 2201
2 11 2205
9 11 2214
2 3 2219
2 8 2219
4 7 2222
2 11 2222
12 4 2222
6 7 2226
6 4 2226
9 8 2227
9 3 2229
12 9 2229
9 2 2229
8 3 2235
11 5 2235
5 12 2237
2 9 2239
2 12 2239
2 5 2239
5 6 2239
11 9 2240
2 11 2245
11 12 2246
8 9 2246
8 2 2247
8 12 2254
8 5 2255
12 8 2259
6 9 2263
3 2 2263
3 8 2264
3 11 2265
8 6 2265
3 5 2267
2 12 2268
2 6 2275
12 5 2277
12 11 2277
9 5 2278
12 2 2279
6 4 2279
8 6 2282
11 3 2283
6 7 2285
11 5 2290
4 9 2299
4 6 2300
7 9 2302
8 3 2302
2 3 2308
9 6 2310
8 4 2310
4 8 2311
8 7 2311
7 8 2311
2 5 2313
9 4 2313
6 9 2313
7 6 2317
4 3 2319
4 5 2322
12 6 2324
12 3 2324
5 12 2324
8 5 2324
12 4 2324
12 5 2324
3 5 2328
3 12 2328
2 8 2330
2 11 2330
4 12 2340
4 2 2341
7 4 2343
2 6 2347
2 3 2347
2 4 2347
2 5 2347
11 8 2348
11 2 2348
11 3 2348
11 4 2349
7 5 2352
12 7 2352
7 3 2356
2 7 2356
7 12 2357
6 8 2357
3 7 2357
2 8 2360
3 6 2360
9 8 2360
4 6 2361
4 9 2363
3 4 2363
3 8 2365
9 2 2367
9 4 2367
6 4 2368
3 9 2368
6 2 2369
11 7 2370
9 6 2370
9 3 2370
9 7 2372
9 5 2373
8 2 2375
4 8 2379
11 5 2380
2 4 2386
2 7 2386
7 4 2386
7 11 2386
2 3 2386
3 11 2386
2 6 2386
7 2 2386
9 12 2389
5 9 2391
5 12 2391
7 3 2391
9 6 2403
8 9 2404
4 5 2404
4 6 2404
4 3 2404
4 9 2404
11 6 2410
6 7 2410
7 8 2410
6 9 2410
4 7 2411
7 4 2412
3 5 2414
12 5 2414
7 2 2421
11 9 2447
2 8 2447
9 11 2447
3 2 2449
3 6 2449
3 7 2449
3 4 2449
3 8 2449
7 4 2453
6 4 2458
4 2 2460
7 6 2464
4 8 2465
7 3 2468
11 2 2473
12 9 2475
7 9 2480
2 11 2481
8 4 2482
9 11 2493
9 2 2493
9 8 2493
7 5 2499
6 4 2512
9 3 2517
8 3 2523
8 4 2524
6 3 2530
7 4 2531
6 9 2532
4 7 2532
9 5 2533
4 3 2534
4 9 2534
8 9 2534
7 3 2538
8 4 2542
6 5 2543
6 12 2544
7 9 2544
3 9 2548
9 4 2551
9 8 2551
7 5 2551
2 8 2553
6 7 2554
11 7 2556
3 5 2556
5 6 2557
3 7 2557
7 3 2560
8 2 2562
6 12 2570
11 3 2575
3 11 2575
5 7 2576
9 11 2581
12 6 2582
7 12 2583
7 6 2586
9 3 2587
9 5 2592
3 12 2593
11 4 2594
6 10 2594
4 11 2595
7 10 2606
10 7 2613
11 4 2615
4 11 2615
9 5 2622
3 9 2627
8 4 2627
3 11 2631
4 3 2632
3 4 2633
5 3 2634
11 8 2637
8 11 2637
11 9 2648
9 11 2648
3 5 2649
11 3 2656
5 11 2661
2 8 2664
10 9 2667
4 3 2670
6 10 2671
2 4 2673
8 2 2677
11 5 2682
3 10 2686
5 11 2693
4 9 2693
11 10 2694
5 10 2696
8 9 2700
3 11 2702
8 11 2702
10 3 2703
10 9 2704
4 10 2705
3 4 2726
9 3 2727
3 8 2732
11 3 2734
3 9 2737
11 4 2739
11 8 2749
8 2 2750
2 9 2754
4 8 2760
3 11 2767
10 6 2780
4 3 2780
3 4 2785
2 3 2799
4 11 2817
8 5 2828
10 6 2836
9 3 2839
11 4 2843
11 8 2846
6 11 2856
1 9 2856
5 8 2857
9 1 2858
1 2 2867
2 3 2868
8 10 2871
11 8 2895
8 11 2895
8 6 2898
8 4 2899
11 5 2917
6 8 2918
8 5 2924
6 5 2925
5 6 2925
11 6 2934
8 10 2935
5 11 2940
2 1 3004
8 6 3007
6 5 3019
6 10 3034
1 2 3050
10 8 3055
5 6 3081
1 2 3088
6 10 3110
5 4 3110
11 5 3123
11 4 3131
5 3 3136
11 3 3153
3 11 3154
10 6 3184
11 3 3190
8 6 3201
4 5 3202
12 10 3205
8 6 3238
10 11 3246
4 5 3248
3 4 3260
8 6 3265
4 3 3269
6 8 3278
7 9 3288
3 4 3298
11 4 3300
4 3 3313
11 3 3318
7 9 3321
10 4 3327
7 2 3329
4 3 3342
5 6 3354
7 2 3360
10 4 3363
10 3 3364
11 7 3366
10 7 3367
4 3 3367
11 2 3369
7 11 3369
7 10 3370
10 2 3371
7 3 3384
3 2 3385
10 4 3390
11 4 3397
5 7 3399
11 10 3403
5 3 3423
11 1 3424
5 7 3426
7 3 3427
6 7 3429
4 11 3433
6 3 3434
10 1 3435
11 4 3447
2 11 3449
4 1 3449
3 7 3467
10 4 3467
4 2 3480
7 6 3486
10 11 3502
11 1 3509
11 10 3513
1 4 3514
6 3 3517
4 1 3563
4 11 3574
1 4 3576
1 2 3582
11 1 3583
9 4 3604
2 1 3605
9 1 3607
4 2 3609
4 9 3613
9 2 3613
10 4 3617
10 9 3618
10 2 3619
7 6 3630
9 4 3634
2 9 3635
1 9 3639
2 4 3652
2 10 3653
9 1 3671
4 10 3698
10 2 3701
3 7 3718
5 7 3728
7 5 3728
10 4 3747
12 3 3766
6 8 3781
3 12 3790
3 12 3842
4 6 3890
6 4 3896
3 2 3928
2 3 3929
3 10 3935
3 2 3974
1 2 3978
6 3 4021
3 6 4021
12 3 4060
6 10 4061
7 9 4069
2 10 4079
10 6 4083
3 4 4090
7 9 4106
1 6 4107
6 10 4108
2 10 4109
1 10 4113
9 7 4119
2 10 4137
10 6 4148
10 1 4149
8 11 4157
6 1 4174
9 11 4189
9 8 4198
8 9 4198
7 6 4208
1 10 4217
5 9 4256
7 8 4262
9 5 4267
8 7 4271
10 1 4273
7 5 4296
5 7 4304
3 2 4309
8 11 4312
11 8 4333
6 4 4347
2 3 4352
11 5 4353
5 11 4353
3 2 4373
5 8 4381
10 7 4408
7 10 4408
7 1 4441
3 2 4448
9 11 4454
1 7 4478
3 2 4533
5 8 4545
2 3 4546
3 2 4551
6 2 4570
10 5 4573
6 3 4573
5 8 4574
3 6 4589
7 2 4595
10 8 4617
8 5 4622
7 6 4622
5 10 4626
6 7 4627
8 10 4636
7 3 4642
2 7 4642
8 1 4648
3 7 4652
2 6 4668
10 8 4677
7 3 4680
3 6 4696
8 5 4702
7 3 4708
7 6 4719
6 2 4744
3 7 4746
7 6 4756
3 6 4759
7 3 4762
3 2 4783
4 9 4785
3 6 4806
1 10 4808
1 8 4808
1 5 4808
6 2 4809
6 3 4843
3 2 4862
6 2 4872
6 1 4882
9 4 4898
5 8 4904
3 2 4906
11 7 4913
2 3 4919
6 10 4927
6 5 4928
3 2 4929
6 8 4932
8 6 4935
5 10 4941
1 5 4948
10 6 4951
5 1 4952
1 10 4963
3 2 4964
2 3 4968
10 8 4975
1 6 4992
12 9 4993
5 8 5009
6 8 5018
10 8 5018
10 1 5020
6 1 5023
4 7 5024
7 4 5025
10 6 5055
1 10 5061
2 3 5079
10 1 5106
12 9 5130
9 12 5140
1 10 5141
5 8 5146
10 1 5166
2 12 5186
8 10 5188
5 10 5210
9 2 5225
8 5 5250
4 11 5253
12 3 5260
3 12 5261
8 7 5272
5 7 5292
7 8 5302
11 4 5311
2 12 5326
12 2 5337
8 10 5344
3 12 5348
11 4 5366
5 6 5382
12 1 5391
7 6 5403
4 5 5407
5 4 5408
7 5 5411
12 2 5414
7 4 5433
9 3 5455
3 9 5456
7 5 5459
5 7 5473
1 12 5476
5 11 5477
6 4 5483
4 6 5483
9 3 5491
7 11 5495
7 5 5501
10 2 5506
8 10 5521
4 8 5525
3 9 5534
4 10 5542
9 3 5561
7 5 5576
10 8 5577
10 4 5578
10 6 5585
6 10 5609
1 12 5651
8 4 5681
6 10 5693
10 6 5717
1 12 5763
5 11 5771
11 5 5806
2 12 5808
12 1 5822
12 2 5829
2 1 5847
11 5 5857
5 11 5862
10 8 5865
8 12 5871
4 10 5873
4 12 5875
10 4 5884
7 11 5884
4 10 5893
9 3 5926
8 2 5928
5 11 5933
5 7 5937
4 12 5953
10 5 5963
10 2 5973
2 10 5976
4 10 5977
7 11 5985
5 11 5985
7 5 5989
10 8 5993
10 4 5997
2 5 5998
11 7 6001
6 5 6003
7 2 6004
10 6 6015
6 10 6020
12 4 6026
10 7 6029
10 5 6029
7 6 6031
10 11 6032
11 10 6034
5 7 6034
11 7 6034
11 5 6034
5 11 6037
6 7 6037
7 11 6038
11 6 6048
7 6 6059
3 9 6064
7 5 6079
11 8 6087
7 10 6106
3 2 6108
2 3 6109
4 11 6118
8 11 6128
11 12 6131
9 3 6149
10 2 6161
3 9 6166
10 9 6171
2 3 6171
10 3 6172
3 10 6172
7 10 6172
6 11 6180
7 2 6181
11 6 6186
11 8 6194
10 3 6195
10 2 6196
6 12 6199
8 11 6203
10 7 6206
8 6 6207
7 3 6208
6 8 6212
8 12 6220
11 6 6225
11 8 6232
8 6 6239
6 8 6244
3 7 6253
11 6 6275
6 12 6281
6 11 6281
10 3 6284
3 10 6284
2 9 6284
12 11 6285
11 12 6293
12 6 6293
9 2 6310
3 7 6321
12 8 6329
2 5 6337
10 7 6340
6 8 6372
11 6 6374
6 12 6379
7 10 6381
10 3 6381
8 6 6382
6 11 6405
12 11 6405
11 8 6411
12 6 6413
11 12 6413
10 3 6420
12 8 6420
8 12 6422
8 11 6428
8 6 6435
7 3 6440
10 3 6446
8 11 6448
7 10 6452
8 11 6464
6 11 6469
6 12 6469
11 6 6488
11 8 6498
12 6 6513
12 8 6513
12 11 6513
11 12 6519
10 7 6520
7 10 6531
9 2 6545
6 8 6551
8 12 6553
6 12 6559
4 3 6564
11 6 6565
8 11 6569
9 2 6575
2 5 6581
6 11 6586
8 6 6589
5 2 6599
9 5 6607
11 6 6611
11 8 6611
8 12 6611
12 6 6611
4 3 6614
8 6 6654
5 2 6654
8 11 6658
11 6 6661
11 8 6662
12 5 6673
5 12 6695
2 11 6696
8 5 6696
6 5 6700
8 12 6706
5 6 6711
6 12 6715
12 8 6717
6 8 6721
7 4 6736
4 7 6736
1 5 6737
5 1 6752
1 6 6756
6 8 6760
1 6 6807
4 8 6838
4 6 6841
6 4 6841
4 12 6842
12 4 6842
6 8 6848
7 5 6855
7 5 6883
8 4 6931
4 8 6937
8 12 6939
2 11 6947
4 6 6976
7 1 7001
6 7 7004
4 6 7005
8 4 7006
4 8 7006
12 7 7008
6 1 7012
12 6 7020
8 6 7037
7 4 7049
7 8 7051
3 5 7052
12 4 7053
8 7 7057
9 2 7061
9 2 7083
12 8 7086
8 4 7096
4 8 7103
12 6 7104
11 2 7116
11 7 7119
8 12 7122
8 6 7126
4 11 7135
11 4 7139
4 8 7143
12 8 7144
7 9 7147
11 9 7147
9 2 7147
4 7 7149
7 4 7155
12 11 7155
4 12 7156
12 7 7160
12 4 7160
4 9 7167
2 9 7169
8 11 7174
7 2 7181
7 11 7185
11 8 7191
7 8 7197
11 7 7203
9 4 7206
8 12 7211
4 9 7216
11 7 7219
4 11 7219
12 6 7225
9 4 7226
7 11 7232
9 11 7242
7 9 7266
11 8 7279
7 2 7283
11 2 7337
2 7 7392
7 9 7414
9 7 7429
3 1 7430
8 12 7464
6 3 7481
6 12 7510
12 3 7522
3 6 7523
5 4 7525
4 7 7529
3 12 7531
3 12 7556
8 11 7573
7 5 7589
5 7 7596
3 6 7611
4 10 7661
6 3 7683
3 6 7687
6 3 7734
1 6 7734
6 1 7739
9 7 7754
7 9 7755
1 3 7760
6 1 7779
6 3 7786
7 2 7786
2 7 7786
3 6 7790
3 1 7813
1 3 7828
3 6 7829
2 4 7843
4 11 7852
12 6 7862
8 7 7877
8 12 7880
6 3 7881
3 6 7882
7 8 7886
1 3 7900
4 11 7907
11 8 7908
12 7 7914
3 1 7917
11 8 7947
7 6 7947
6 12 7953
1 7 7958
7 3 7959
4 8 7961
3 7 7965
7 1 7966
3 6 7977
4 12 7981
8 4 7985
8 12 7988
7 1 7996
1 6 7999
6 3 8005
12 8 8010
6 1 8017
1 7 8018
4 8 8029
8 12 8063
5 10 8076
10 2 8134
2 10 8135
3 12 8179
3 4 8182
3 12 8227
3 4 8245
3 6 8266
6 3 8272
11 5 8278
5 11 8278
6 4 8300
6 12 8317
3 7 8339
12 4 8353
4 6 8354
2 1 8389
7 4 8394
4 7 8395
7 12 8395
1 2 8406
12 3 8407
4 12 8409
6 7 8411
5 11 8430
1 2 8434
4 12 8448
2 1 8472
1 2 8518
11 6 8519
7 6 8525
12 3 8538
7 11 8541
7 5 8547
5 7 8547
11 7 8563
12 3 8574
4 3 8596
12 9 8596
4 12 8602
5 7 8603
9 4 8624
4 12 8717
9 12 8767
12 2 8793
5 8 8804
9 6 8816
8 7 8839
9 4 8843
2 3 8843
5 11 8845
6 4 8849
2 12 8849
10 1 8856
12 9 8863
1 10 8865
4 2 8866
2 6 8873
4 2 8884
11 5 8935
10 1 8956
12 2 8961
2 12 8961
4 8 8963
8 4 8963
9 2 9019
9 1 9035
6 12 9036
1 9 9039
10 1 9059
9 7 9075
7 9 9075
12 6 9077
1 10 9081
3 8 9089
8 3 9107
6 12 9109
4 3 9126
2 10 9150
2 7 9151
7 2 9151
7 10 9158
1 10 9161
1 7 9161
6 2 9176
6 10 9193
10 6 9197
1 2 9209
2 1 9234
12 7 9244
1 2 9246
6 10 9253
3 4 9256
6 2 9281
6 1 9285
1 6 9286
12 4 9319
12 4 9353
6 2 9358
7 12 9361
5 3 9373
3 5 9373
5 7 9406
7 5 9406
11 3 9420
3 11 9420
5 7 9447
7 3 9453
9 8 9453
8 9 9458
8 4 9489
2 6 9505
10 8 9549
10 4 9553
2 6 9564
4 10 9575
8 4 9593
8 10 9594
10 4 9602
2 6 9610
12 4 9616
12 10 9620
2 7 9628
4 10 9640
6 7 9642
11 9 9643
10 12 9644
8 4 9645
4 8 9647
2 7 9672
2 6 9672
8 10 9680
10 12 9683
6 7 9697
12 8 9711
10 8 9712
2 3 9715
7 2 9719
4 1 9733
1 4 9734
10 8 9739
7 2 9778
12 8 9790
6 2 9816
7 8 9857
2 6 9858
8 7 9867
5 2 9873
12 8 9911
12 2 9919
8 2 9930
2 12 9932
2 8 9936
8 12 9956
7 2 9960
7 8 9963
8 7 9963
8 2 9966
7 12 9974
2 8 9977
12 7 9999
2 12 10003
12 2 10010
2 7 10012
12 8 10015
5 6 10025
8 12 10030
7 2 10034
7 8 10035
8 2 10036
7 6 10051
2 8 10053
12 10 10061
7 5 10070
6 5 10071
2 12 10075
12 2 10091
12 8 10119
7 4 10136
12 2 10138
8 12 10138
10 2 10142
3 11 10154
10 12 10156
8 6 10159
11 3 10167
6 8 10170
3 9 10181
2 12 10181
6 12 10183
5 11 10192
8 12 10193
8 10 10205
8 6 10209
11 12 10224
12 11 10224
11 8 10237
9 2 10242
2 9 10244
8 11 10244
12 9 10247
10 11 10247
11 10 10247
9 12 10247
6 8 10248
6 10 10250
12 11 10257
8 12 10261
8 11 10266
10 11 10277
12 11 10278
10 8 10286
1 7 10286
10 6 10290
6 8 10307
7 1 10310
6 12 10311
9 6 10313
2 6 10313
8 10 10314
6 9 10316
9 8 10318
9 12 10320
8 12 10321
10 12 10353
2 6 10354
8 6 10359
2 8 10360
2 12 10366
10 9 10366
8 12 10378
2 9 10380
9 11 10383
8 9 10383
4 5 10384
9 8 10385
10 2 10385
7 3 10386
3 7 10386
12 8 10386
9 6 10387
9 12 10389
12 2 10389
9 2 10390
12 6 10397
4 10 10399
2 6 10400
6 11 10401
8 11 10402
2 8 10402
9 4 10406
12 4 10407
4 8 10419
9 5 10428
12 4 10429
4 12 10430
2 5 10433
12 6 10439
6 11 10445
9 5 10453
8 11 10453
6 12 10456
2 10 10464
5 12 10474
6 12 10478
6 8 10504
6 9 10526
12 11 10529
12 5 10551
8 6 10555
9 8 10560
8 5 10574
9 2 10575
12 8 10584
12 11 10599
6 12 10600
6 5 10602
5 6 10602
5 8 10624
2 5 10654
8 5 10723
11 3 10726
3 11 10733
5 8 10742
9 1 10742
10 3 10761
1 9 10772
3 10 10787
6 12 10789
9 3 10799
1 9 10817
3 9 10818
9 1 10837
4 7 10845
1 11 10847
12 11 10883
11 12 10883
6 12 10889
11 12 10945
7 8 11020
3 2 11023
2 7 11038
12 6 11043
7 3 11044
3 7 11044
9 3 11061
3 9 11072
9 2 11083
11 3 11107
2 1 11111
3 11 11125
12 3 11136
3 12 11139
11 1 11149
9 11 11189
9 7 11238
7 9 11239
6 10 11273
10 6 11278
12 9 11294
1 10 11308
10 7 11319
11 6 11328
8 5 11361
9 12 11364
1 10 11369
10 1 11369
6 11 11385
8 4 11424
4 8 11425
4 5 11425
10 6 11436
3 5 11453
5 3 11453
8 4 11468
4 5 11470
8 5 11479
7 1 11487
6 7 11501
3 8 11505
8 3 11512
3 4 11516
7 6 11516
6 7 11547
3 5 11550
8 11 11652
6 10 11665
8 5 11698
8 4 11725
6 12 11734
2 1 11797
1 2 11798
4 8 11800
10 6 11829
9 8 11838
10 2 11873
2 10 11912
12 11 11921
12 11 11955
10 2 11979
10 3 12004
3 10 12016
7 9 12024
6 8 12031
9 7 12031
1 3 12032
8 11 12150
11 8 12150
5 9 12155
11 12 12176
8 12 12191
6 11 12215
10 7 12217
12 8 12248
5 2 12248
8 1 12259
8 3 12277
4 5 12280
3 7 12300
10 9 12305
8 6 12322
5 4 12326
8 1 12337
6 8 12338
7 3 12354
1 6 12354
3 6 12366
7 8 12366
2 4 12370
3 8 12371
2 11 12380
3 8 12388
11 2 12389
8 3 12390
10 11 12488
2 3 12490
3 2 12490
4 7 12536
11 10 12538
11 6 12594
6 11 12595
12 8 12603
2 4 12616
10 7 12618
2 10 12632
8 1 12633
4 2 12634
10 2 12681
12 9 12686
4 7 12692
9 12 12725
2 10 12730
6 2 12737
2 6 12739
7 4 12751
2 6 12758
3 9 12786
4 9 12797
9 4 12797
3 4 12825
4 3 12825
1 7 12828
9 6 12842
6 9 12843
8 1 12861
1 8 12864
3 9 12865
6 3 12878
1 8 12911
6 3 12911
8 12 12912
6 9 12925
1 12 12926
9 3 12935
3 9 12965
6 8 12981
8 6 12981
9 3 12984
11 4 12998
4 11 12999
9 8 13027
8 9 13027
3 8 13044
8 3 13045
6 9 13064
11 1 13095
4 11 13097
9 4 13131
4 9 13132
7 11 13152
6 9 13156
6 4 13159
4 6 13159
3 8 13172
9 7 13186
7 9 13186
7 4 13190
4 9 13199
9 11 13201
7 11 13203
9 4 13216
9 6 13225
7 4 13228
11 9 13231
9 11 13234
11 6 13234
11 4 13237
8 3 13238
11 7 13251
3 8 13268
7 6 13271
11 9 13316
8 5 13319
5 8 13319
1 12 13330
9 11 13333
1 9 13342
11 6 13365
9 1 13369
1 9 13372
5 8 13372
1 12 13397
6 2 13400
4 8 13414
4 5 13429
5 4 13436
9 2 13447
1 9 13447
11 1 13456
9 1 13473
4 2 13506
2 7 13526
3 8 13560
8 3 13560
2 3 13597
3 2 13597
8 2 13604
2 8 13606
11 10 13619
10 11 13620
2 8 13637
10 1 13665
2 3 13671
10 11 13682
8 4 13711
3 2 13723
10 6 13731
6 10 13738
10 1 13761
1 10 13772
6 11 13777
2 3 13783
2 3 13817
7 9 13824
11 7 13851
9 11 13862
2 4 13862
9 12 13903
11 1 13935
6 3 13966
1 10 13966
3 6 13968
10 7 13970
7 1 13974
11 10 13979
2 6 13981
7 11 13983
11 7 13983
7 10 13983
1 7 13990
12 3 13991
3 12 13997
7 10 13999
6 2 14009
10 7 14011
10 1 14015
1 11 14017
2 6 14019
10 11 14022
1 10 14034
3 2 14035
12 2 14046
1 7 14047
2 12 14048
11 10 14051
11 7 14057
7 1 14057
2 6 14061
7 11 14062
11 1 14063
7 10 14066
12 6 14068
6 12 14070
10 11 14076
10 1 14076
10 7 14102
12 8 14114
1 11 14119
10 1 14121
4 5 14124
5 4 14124
1 10 14127
12 3 14130
10 11 14135
12 8 14156
3 12 14171
8 4 14173
4 8 14208
5 8 14210
4 5 14210
1 11 14227
10 2 14232
1 10 14237
12 3 14255
10 1 14273
10 2 14274
12 3 14290
10 7 14291
2 1 14300
1 11 14304
7 8 14318
8 7 14318
7 4 14356
5 7 14358
2 1 14362
4 7 14365
4 3 14379
1 2 14396
2 1 14398
4 3 14400
6 12 14403
3 4 14405
3 6 14421
4 6 14430
4 3 14444
7 6 14453
1 2 14455
6 4 14460
6 3 14466
3 7 14481
3 6 14486
7 3 14497
8 2 14531
3 4 14547
4 3 14547
7 12 14559
12 9 14570
9 12 14571
9 7 14590
12 7 14595
11 7 14648
8 7 14718
7 8 14720
12 11 14732
7 2 14756
6 7 14757
7 6 14764
6 2 14775
1 8 14797
4 3 14798
8 1 14813
1 11 14841
1 8 14847
8 1 14877
11 10 14881
8 11 14885
5 4 14889
10 11 14894
4 5 14900
10 8 14904
12 11 14920
8 10 14929
12 11 14951
1 6 14976
8 10 14981
10 1 14987
1 6 15076
8 7 15081
9 10 15086
11 6 15090
6 11 15091
10 9 15093
11 1 15111
1 11 15116
12 6 15121
6 12 15121
8 7 15128
6 9 15164
7 8 15164
10 9 15164
9 10 15169
9 6 15182
5 4 15201
4 5 15201
8 7 15253
9 5 15349
5 9 15349
12 4 15388
12 4 15406
7 3 15409
4 12 15441
9 5 15449
5 9 15469
10 9 15474
10 5 15501
5 10 15502
5 8 15502
3 2 15504
2 3 15505
10 8 15508
8 5 15517
2 9 15523
9 5 15528
2 10 15536
9 8 15554
10 2 15570
5 8 15575
8 5 15575
8 9 15578
12 7 15587
10 2 15610
7 4 15618
2 8 15624
9 8 15651
9 2 15655
5 6 15659
8 3 15661
6 5 15662
2 9 15664
4 7 15687
2 6 15697
4 1 15709
5 2 15717
11 4 15721
9 8 15723
4 11 15725
8 10 15754
7 11 15756
12 8 15756
8 12 15757
1 11 15776
12 9 15793
9 12 15794
8 10 15797
11 4 15811
1 11 15816
4 11 15827
8 10 15846
2 7 15866
7 2 15866
8 10 15874
4 2 15931
2 4 15932
6 12 15950
4 2 15955
8 10 15970
7 4 16002
4 7 16002
5 12 16016
11 10 16045
11 2 16061
12 5 16070
11 10 16096
11 2 16102
2 10 16104
10 2 16118
10 11 16146
1 2 16147
5 4 16149
11 2 16187
2 1 16199
11 1 16202
8 7 16204
10 6 16251
12 8 16264
8 12 16269
10 2 16269
11 7 16275
7 11 16297
8 3 16324
3 8 16324
2 6 16334
9 5 16353
1 10 16354
7 6 16356
6 2 16358
6 7 16359
3 12 16373
11 6 16377
10 1 16383
7 2 16388
12 11 16395
4 1 16398
1 4 16399
6 7 16401
10 2 16426
3 11 16427
4 10 16449
6 12 16450
4 2 16452
2 4 16452
12 6 16459
11 3 16462
12 7 16465
10 4 16467
7 12 16470
7 6 16475
6 7 16491
7 3 16500
2 1 16505
8 11 16509
10 2 16521
11 8 16527
2 10 16538
4 6 16574
12 7 16600
6 10 16612
4 12 16618
7 3 16624
9 3 16640
3 9 16641
7 4 16643
10 12 16667
9 3 16672
9 4 16676
4 9 16677
4 3 16680
10 1 16695
7 10 16701
3 9 16717
12 1 16729
4 11 16746
7 1 16747
6 5 16752
8 4 16757
4 8 16760
10 12 16766
11 4 16777
7 6 16779
11 8 16812
10 12 16813
12 10 16850
5 6 16937
3 9 16966
12 1 17016
7 2 17041
10 6 17042
10 12 17054
10 6 17075
12 6 17081
5 1 17113
1 5 17115
5 6 17151
7 8 17153
7 11 17175
12 5 17177
5 12 17178
12 5 17266
7 2 17275
4 10 17282
10 4 17282
2 7 17301
3 6 17304
6 3 17311
6 3 17333
4 5 17339
6 8 17356
8 3 17397
6 11 17399
2 7 17404
12 4 17406
2 7 17434
2 7 17457
6 11 17467
11 6 17467
7 2 17476
7 11 17524
11 7 17524
11 2 17569
2 11 17571
6 3 17582
6 2 17630
2 6 17631
4 1 17635
1 4 17646
3 11 17655
7 10 17666
12 4 17670
4 12 17672
11 3 17695
12 4 17705
4 12 17711
1 4 17772
2 1 17785
8 7 17792
12 4 17855
1 6 17903
4 9 17904
7 10 17938
11 4 17943
6 1 17943
10 3 17953
12 5 17956
11 3 17959
9 8 17962
7 10 17965
10 7 17972
1 6 17978
4 10 18000
2 1 18018
10 4 18033
4 11 18050
7 8 18065
8 7 18078
11 4 18082
9 5 18097
5 9 18098
5 12 18099
9 12 18102
12 9 18102
2 5 18121
9 2 18136
9 12 18142
2 9 18149
5 2 18155
8 4 18163
12 7 18198
7 12 18198
6 10 18202
10 6 18202
2 9 18202
11 8 18227
8 11 18235
5 9 18246
1 2 18252
7 5 18259
5 7 18269
7 9 18271
12 4 18283
6 8 18296
8 6 18296
9 1 18310
1 9 18314
4 12 18325
6 8 18330
9 7 18331
2 7 18343
2 10 18440
2 7 18447
10 2 18455
6 11 18471
11 6 18490
3 4 18496
1 9 18499
6 12 18549
6 11 18556
2 7 18557
11 6 18557
5 10 18566
9 10 18577
9 5 18577
5 9 18580
11 12 18582
7 2 18590
4 11 18601
7 2 18615
2 7 18617
9 1 18618
3 7 18654
7 3 18654
4 5 18681
5 9 18701
4 7 18714
5 4 18728
5 7 18734
7 5 18738
4 9 18739
5 9 18748
11 10 18751
9 4 18753
6 12 18810
9 5 18819
5 9 18824
10 11 18830
4 5 18832
5 4 18834
6 12 18842
9 5 18854
10 12 18856
4 5 18862
10 6 18884
6 10 18884
6 12 18930
5 7 18957
7 5 18957
11 6 18996
6 11 18997
10 11 19010
12 8 19012
7 5 19013
7 4 19013
5 4 19020
7 9 19021
9 5 19032
5 1 19034
4 7 19040
5 7 19046
1 7 19059
3 9 19081
9 3 19084
6 10 19084
4 7 19088
10 6 19090
6 11 19096
10 6 19114
4 5 19142
8 11 19156
7 3 19172
11 10 19180
8 11 19189
7 12 19208
12 7 19222
2 8 19236
2 11 19249
10 2 19262
2 10 19264
11 8 19275
3 9 19288
11 10 19288
11 2 19303
2 11 19304
12 9 19314
12 1 19343
1 12 19347
11 10 19375
11 7 19379
7 11 19380
12 4 19416
11 10 19419
11 7 19438
7 10 19439
3 9 19439
10 7 19444
9 3 19461
4 12 19467
12 5 19468
7 2 19471
2 7 19472
10 11 19489
6 5 19506
5 6 19507
12 6 19516
6 12 19517
5 12 19536
10 11 19538
5 6 19551
11 2 19583
5 1 19586
6 1 19588
1 6 19607
12 8 19654
8 12 19655
7 8 19664
7 12 19705
9 2 19708
8 7 19723
7 1 19725
1 7 19728
9 6 19731
9 2 19765
2 9 19766
6 3 19770
5 6 19789
7 6 19830
6 7 19830
7 5 19833
7 5 19852
9 11 19865
7 8 19883
8 7 19908
6 1 19916
5 2 19921
12 4 19925
5 6 19970
4 12 19978
1 6 20055
10 4 20057
7 6 20061
5 6 20089
4 11 20090
11 4 20090
8 12 20098
6 7 20100
5 7 20122
6 3 20149
3 6 20149
11 10 20156
10 11 20156
9 4 20167
9 11 20190
4 2 20209
9 2 20256
2 11 20260
6 4 20308
11 10 20345
10 9 20401
6 11 20405
9 7 20427
9 8 20430
7 9 20431
10 8 20446
9 10 20454
10 7 20479
8 9 20480
8 7 20484
9 7 20485
6 10 20517
9 6 20517
7 9 20532
10 9 20536
9 10 20536
6 9 20540
4 5 20553
5 1 20564
10 6 20565
9 7 20574
7 10 20586
4 1 20592
1 4 20594
10 7 20598
1 5 20600
2 6 20600
5 4 20604
10 7 20667
10 2 20691
2 10 20692
3 4 20692
4 3 20692
10 2 20712
12 10 20715
3 4 20719
2 7 20725
3 1 20740
1 3 20743
7 2 20744
6 7 20746
5 3 20767
3 5 20767
10 12 20791
4 2 20856
9 8 20862
12 8 20935
7 6 20948
7 9 20968
10 2 20970
7 9 20989
9 7 20996
7 5 21019
6 7 21021
8 4 21030
4 8 21030
9 10 21091
10 9 21091
3 12 21136
3 7 21141
10 9 21144
8 2 21148
6 7 21151
12 3 21161
1 5 21181
7 12 21187
2 8 21196
7 3 21198
12 3 21209
12 4 21229
4 12 21242
8 7 21259
7 8 21265
5 10 21293
7 2 21305
2 7 21306
3 12 21309
6 4 21344
12 11 21353
4 6 21357
10 4 21394
4 5 21399
4 10 21401
4 10 21422
5 4 21425
11 8 21468
4 9 21474
9 4 21474
11 12 21523
8 6 21534
6 8 21534
3 2 21539
2 3 21544
9 4 21553
4 9 21558
8 6 21584
8 10 21674
1 9 21732
5 8 21818
6 10 21856
5 1 21859
4 7 21862
8 5 21885
4 3 21894
6 10 21898
3 4 21910
5 1 21920
9 1 21932
9 5 21938
5 9 21940
6 10 21941
4 7 21943
6 10 21964
9 1 21976
10 6 21993
2 7 21997
1 9 22044
8 3 22049
10 11 22063
11 10 22066
6 7 22133
10 12 22191
2 8 22198
6 7 22203
7 1 22212
6 5 22216
3 7 22230
1 5 22237
5 6 22243
10 12 22290
11 10 22304
11 10 22365
7 3 22452
8 10 22452
10 8 22452
6 4 22480
7 3 22497
8 10 22511
10 6 22554
6 10 22555
5 4 22559
6 10 22598
10 6 22611
8 6 22618
6 8 22618
10 8 22626
5 4 22643
5 7 22662
4 7 22679
9 10 22688
10 9 22688
9 6 22716
8 7 22787
7 8 22787
8 11 22805
9 10 22831
10 9 22831
6 9 22844
11 8 22854
9 6 22864
2 5 22871
4 2 22873
7 6 22903
6 7 22903
2 5 22912
2 4 22919
3 10 22928
10 3 22935
4 5 22949
6 7 22968
7 6 23001
6 7 23001
8 9 23030
1 4 23042
11 2 23081
9 8 23082
2 11 23092
4 10 23136
5 11 23154
10 4 23176
6 2 23203
12 3 23218
3 12 23219
4 8 23225
5 6 23235
8 4 23248
2 7 23249
6 2 23252
3 12 23262
12 3 23270
5 6 23282
6 5 23293
11 8 23418
8 11 23419
3 4 23459
7 4 23492
10 6 23492
11 8 23494
4 7 23495
11 9 23511
9 11 23512
4 7 23534
6 1 23566
6 8 23570
8 6 23570
12 2 23572
8 10 23575
6 10 23575
8 1 23585
1 8 23648
12 5 23652
8 12 23656
5 8 23697
5 12 23719
2 7 23735
7 2 23746
11 9 23747
7 3 23763
3 7 23766
9 11 23776
6 1 23793
6 10 23796
10 6 23814
4 7 23866
1 10 23874
4 8 23882
8 7 23896
11 9 23914
10 1 23925
1 10 23974
3 6 23978
9 2 23984
7 4 24014
11 2 24021
9 6 24049
7 2 24106
5 12 24108
5 12 24145
6 9 24150
11 7 24151
7 11 24161
8 6 24190
7 9 24190
11 6 24196
6 11 24200
11 9 24203
8 11 24214
8 4 24260
4 8 24261
8 6 24261
4 6 24264
2 12 24268
6 4 24280
6 8 24310
6 8 24347
11 7 24347
10 3 24379
3 10 24379
7 6 24396
9 1 24397
11 4 24399
6 7 24413
4 11 24416
7 8 24429
5 3 24515
7 8 24521
11 9 24522
2 7 24537
12 3 24547
11 4 24557
4 11 24559
3 5 24586
12 7 24603
7 12 24613
5 7 24614
12 7 24625
12 7 24642
6 9 24664
2 3 24681
6 2 24687
9 2 24688
9 6 24694
9 3 24697
3 6 24699
3 9 24702
12 6 24750
6 12 24750
7 6 24752
11 1 24752
6 7 24758
4 2 24773
2 4 24774
6 7 24784
7 6 24792
1 11 24803
7 5 24816
11 1 24829
3 9 24831
9 12 24833
12 10 24845
2 11 24856
11 2 24856
7 8 24861
8 7 24861
12 10 24865
3 9 24865
9 6 24873
6 12 24876
12 10 24904
3 4 24921
10 12 24930
6 9 24932
4 3 24938
9 4 24939
9 3 24946
4 9 24965
12 6 24973
9 12 24975
10 6 24975
12 9 24978
9 6 24978
9 3 24989
9 10 25006
10 9 25006
4 5 25011
12 10 25017
8 7 25029
7 8 25029
8 7 25061
10 12 25064
8 2 25113
11 3 25147
3 11 25147
5 7 25158
2 8 25179
9 7 25201
9 12 25231
2 4 25232
3 11 25263
11 3 25275
11 7 25297
7 11 25303
5 2 25312
3 10 25314
10 3 25327
11 10 25338
6 1 25344
10 11 25353
1 6 25370
6 1 25394
1 7 25436
2 5 25451
9 2 25497
9 3 25515
3 9 25519
3 5 25573
11 2 25595
2 11 25595
7 4 25636
8 1 25650
1 8 25654
6 7 25701
1 8 25715
1 2 25741
8 2 25756
3 5 25827
3 9 25835
7 10 25841
6 3 25874
3 6 25884
6 3 25930
8 7 25959
10 4 25985
12 3 25993
12 6 26001
1 7 26001
3 12 26003
3 12 26028
2 10 26032
3 6 26045
10 2 26053
2 4 26066
3 6 26070
10 9 26075
4 2 26115
9 10 26122
10 9 26126
11 6 26130
6 11 26137
10 2 26157
4 10 26170
7 6 26172
5 9 26175
9 10 26194
4 5 26202
5 9 26228
3 12 26250
12 4 26272
6 7 26273
3 4 26278
10 2 26337
5 2 26349
7 1 26392
4 3 26404
11 4 26409
3 11 26426
4 11 26429
12 2 26433
5 10 26445
11 6 26463
11 2 26472
2 3 26473
4 2 26474
2 11 26488
6 4 26489
4 6 26494
6 2 26511
2 6 26535
2 4 26576
3 6 26597
6 11 26607
4 1 26630
1 4 26631
10 5 26633
6 3 26678
7 10 26709
10 7 26742
11 3 26765
2 1 26766
1 2 26766
11 3 26793
8 5 26794
5 8 26794
3 11 26799
9 4 26815
7 12 26852
8 5 26854
3 7 26855
6 1 26874
1 6 26875
7 3 26909
3 7 26917
3 12 26927
7 11 26932
9 2 26933
12 3 26933
7 12 26943
12 7 26946
8 5 26966
5 10 26976
7 12 26993
5 10 27008
6 9 27009
12 7 27019
9 6 27023
10 4 27054
12 7 27067
12 11 27067
11 12 27106
5 4 27109
10 4 27121
8 11 27153
1 9 27163
8 11 27209
5 4 27236
4 2 27272
9 12 27302
12 9 27314
11 9 27318
2 8 27373
9 11 27376
8 2 27388
4 6 27394
8 5 27415
8 4 27431
5 8 27438
9 11 27455
8 4 27468
8 6 27470
4 8 27470
9 12 27496
3 8 27612
11 2 27622
12 2 27632
2 11 27633
12 11 27639
2 12 27648
1 2 27653
1 7 27655
6 11 27657
2 1 27657
1 12 27664
12 1 27671
1 7 27686
7 2 27698
7 12 27700
7 1 27702
12 2 27703
1 12 27706
6 11 27714
2 12 27717
11 7 27719
6 7 27728
12 1 27736
11 6 27739
7 6 27748
11 2 27769
6 11 27774
7 4 27783
7 8 27825
8 7 27825
12 1 27834
5 11 27845
5 11 27880
11 5 27885
5 4 27886
12 2 27904
2 10 27904
11 4 27910
11 5 27928
5 11 27929
9 3 27931
12 10 27969
11 5 27971
4 11 27979
4 5 28017
5 4 28027
11 8 28034
10 12 28063
12 1 28074
5 4 28081
12 10 28105
6 4 28117
2 10 28152
6 2 28165
4 6 28194
2 4 28195
4 2 28204
2 6 28209
6 2 28221
10 4 28234
10 2 28249
12 4 28251
4 6 28256
2 10 28259
9 11 28259
6 2 28260
1 6 28260
4 12 28268
4 1 28272
10 7 28286
2 7 28290
4 6 28294
7 10 28296
4 1 28298
12 2 28303
6 7 28309
4 2 28322
12 7 28333
3 12 28336
2 6 28339
3 1 28341
4 7 28344
2 12 28345
2 1 28347
1 3 28359
7 6 28362
4 7 28378
4 1 28394
4 3 28404
3 4 28405
12 6 28409
7 12 28419
3 12 28426
1 4 28427
4 1 28431
7 1 28433
6 12 28434
6 3 28436
3 6 28437
7 2 28441
12 1 28442
12 3 28442
2 12 28442
12 2 28448
2 1 28450
3 2 28452
2 3 28453
2 4 28455
3 4 28467
4 3 28467
3 1 28471
3 1 28486
2 12 28488
3 1 28502
2 4 28541
1 2 28571
11 8 28572
8 11 28572
5 10 28574
10 5 28575
4 11 28637
11 4 28637
7 10 28719
10 7 28731
10 6 28782
