5 1 0
2 6 6
6 10 9
6 2 11
7 9 14
1 2 31
2 1 36
1 6 44
1 10 46
10 1 49
4 11 50
5 12 56
6 1 61
6 2 71
5 2 73
12 5 81
6 5 85
2 12 88
12 6 90
12 2 98
4 7 101
2 6 104
6 5 110
8 4 112
7 11 131
5 6 141
2 12 151
6 2 170
12 6 173
3 8 190
7 11 201
6 12 204
12 6 217
12 11 218
5 2 219
11 6 223
2 5 229
6 7 230
11 12 233
11 5 243
6 12 245
5 12 248
9 1 250
5 11 260
6 5 263
7 12 272
5 2 274
1 9 283
2 5 286
7 1 294
1 7 295
11 2 302
11 5 303
5 2 308
11 6 311
6 11 318
2 6 326
2 5 329
2 11 330
6 7 331
7 5 335
7 6 339
11 7 342
7 2 348
2 7 349
6 2 360
2 11 362
6 7 391
7 6 392
5 2 398
10 4 416
11 7 420
6 11 422
7 2 426
7 6 429
6 7 431
7 11 432
5 11 450
2 7 451
5 6 458
7 5 459
11 7 463
1 9 469
11 6 470
